traffic_sign 132.48 367.88537700000006 184.32 426.10774100000003
traffic_sign 198.4 372.36387199999996 253.44 428.02709600000003
traffic_sign 268.16 374.28387 320.64 422.26838799999996
traffic_sign 332.16 372.36387199999996 384.64 428.02709600000003
traffic_sign 395.52 368.525162 450.56 426.747526
traffic_sign 465.92 368.525162 517.12 420.98881800000004
traffic_sign 529.28 372.36387199999996 580.48 423.547958
traffic_sign 554.88 292.388818 618.88 336.535269
traffic_sign 592.0 369.804732 645.76 424.828171
traffic_sign 721.92 368.525162 775.68 422.26838799999996
traffic_sign 787.84 371.08430200000004 844.16 426.747526
