traffic_sign 206.08 415.82269400000007 215.04 435.685017
traffic_sign 220.16 417.104002 230.4 447.21747200000004
traffic_sign 293.76 430.559102 301.44 451.06207900000004
traffic_sign 311.04 439.52894100000003 330.24 445.936164
traffic_sign 372.48 447.21747200000004 394.88 472.20570999999995
traffic_sign 451.2 477.330942 498.56 498.474573
traffic_sign 764.8 452.343387 832.64 493.348658
traffic_sign 843.52 445.936164 865.92 460.672572
traffic_sign 844.8 464.517179 871.04 483.097511
traffic_sign 847.36 483.097511 865.92 498.474573
traffic_sign 851.2 498.474573 862.08 518.336896
traffic_sign 987.52 439.52894100000003 1015.04 472.84636400000005
