traffic_sign 128.78956200000002 236.983296 242.944086 356.936704
traffic_sign 131.716706 383.268864 248.798374 497.37113600000004
traffic_sign 140.498138 535.405568 254.652662 655.36
traffic_sign 146.351744 675.84 248.798374 792.8688639999999
traffic_sign 269.2877 374.491136 395.150118 503.223296
traffic_sign 275.141306 535.405568 398.07726199999996 661.211136
traffic_sign 280.99559400000004 236.983296 398.07726199999996 356.936704
traffic_sign 283.92273800000004 681.691136 395.150118 801.645568
traffic_sign 421.4937320000001 225.28 541.501862 351.085568
traffic_sign 424.420876 383.268864 538.5754 500.296704
traffic_sign 427.347338 538.331136 547.3561500000001 649.508864
traffic_sign 427.347338 675.84 556.1375820000001 795.794432
