traffic_sign 217.6 86.4 407.04 119.679744
traffic_sign 356.48 319.359744 448.0 391.68
traffic_sign 366.08 278.4 439.68 314.88
traffic_sign 367.36 394.23974400000003 435.84 439.68
traffic_sign 368.64 520.3199999999999 448.0 598.400256
traffic_sign 372.48 597.12 438.4 644.480256
traffic_sign 372.48 483.200256 445.44 521.600256
traffic_sign 413.44 58.239744 446.72 153.60000000000002
traffic_sign 417.28 647.04 476.8 684.159744
traffic_sign 418.56 685.4399999999999 476.8 726.399744
traffic_sign 451.84 490.88025600000003 527.36 521.600256
traffic_sign 451.84 522.8797440000001 527.36 597.12
traffic_sign 451.84 449.91974400000004 528.64 493.43999999999994
traffic_sign 453.12 319.359744 549.76 391.68
traffic_sign 458.24 598.400256 521.6 648.320256
traffic_sign 463.36 280.959744 536.32 316.160256
traffic_sign 469.12 395.52 532.48 439.68
traffic_sign 808.96 42.879744 847.36 139.520256
