traffic_sign 258.56 393.3977550000001 289.92 443.373548
traffic_sign 261.12 314.5898 289.92 379.302001
traffic_sign 282.88 469.64241100000004 305.28 503.600488
traffic_sign 412.8 347.266569 430.08 388.27184
traffic_sign 452.48 365.846901 498.56 393.3977550000001
traffic_sign 522.24 348.54787699999997 540.16 390.83513899999997
traffic_sign 813.44 468.36110299999996 833.92 499.755881
traffic_sign 828.8 394.679063 857.6 435.685017
traffic_sign 828.8 440.81024899999994 857.6 461.95388
traffic_sign 832.64 314.5898 856.32 372.254124
