traffic_sign 78.190523 830.287872 143.015419 959.875072
traffic_sign 183.113666 600.506368 360.212151 772.174848
traffic_sign 207.840315 770.17088 356.870915 844.315648
traffic_sign 214.52347000000003 854.335488 338.826738 910.444544
traffic_sign 330.13897799999995 38.742016 592.7797979999999 812.253184
traffic_sign 380.260933 482.275328 457.115508 557.7564160000001
traffic_sign 388.949376 39.410688 513.252644 161.64864
traffic_sign 390.286007 228.446208 518.599168 335.321088
traffic_sign 408.329501 648.6005759999999 525.28164 750.1322240000001
traffic_sign 471.149792 484.279296 541.3212120000001 553.74848
