traffic_sign 269.44 256.60933 554.24 428.10856
traffic_sign 280.32 501.06017 297.6 529.8567700000001
traffic_sign 305.28 433.86788 332.8 470.98386999999997
traffic_sign 341.12 548.4144299999999 350.08 565.05254
traffic_sign 397.44 431.30848 432.64 470.98386999999997
traffic_sign 492.8 435.78810000000004 527.36 476.10334000000006
traffic_sign 584.96 565.05254 604.8 581.0508
traffic_sign 613.76 565.05254 634.88 583.6102000000001
traffic_sign 632.96 284.12622999999996 765.44 428.10856
traffic_sign 678.4 433.86788 717.44 467.14410000000004
traffic_sign 776.32 432.58817999999997 809.6 465.86439999999993
traffic_sign 826.24 548.4144299999999 842.24 565.05254
