traffic_sign 23.68 472.32 40.32 499.839744
traffic_sign 78.72 502.400256 112.0 542.079744
traffic_sign 88.32 350.720256 286.72 480.0
traffic_sign 128.0 542.079744 159.36 565.760256
traffic_sign 128.0 502.400256 165.12 540.800256
traffic_sign 128.0 481.280256 171.52 503.679744
traffic_sign 172.8 481.280256 209.92 501.12
traffic_sign 172.8 504.96 212.48 536.960256
traffic_sign 175.36 542.079744 207.36 567.039744
traffic_sign 212.48 480.0 258.56 540.800256
traffic_sign 217.6 542.079744 252.16 567.039744
traffic_sign 265.6 481.280256 305.28 558.080256
traffic_sign 331.52 483.84000000000003 359.68 520.959744
traffic_sign 625.28 371.840256 682.24 456.320256
