traffic_sign 66.56 95.46632500000001 112.64 199.261835
traffic_sign 162.56 133.268326 298.88 169.148365
traffic_sign 330.24 99.310249 377.6 203.105759
traffic_sign 535.04 125.579795 611.2 194.13592
traffic_sign 566.4 453.62469500000003 624.0 520.899512
traffic_sign 570.24 523.462128 613.76 548.450366
traffic_sign 802.56 481.816203 903.68 553.576281
traffic_sign 816.64 581.7671059999999 837.12 606.755344
traffic_sign 821.12 254.36285999999998 931.2 385.709224
traffic_sign 833.92 0.0 926.08 253.081552
