traffic_sign 303.36 414.08025599999996 315.52 443.52
traffic_sign 306.56 378.87974399999996 321.92 414.08025599999996
traffic_sign 360.32 528.0 385.92 606.080256
traffic_sign 446.72 439.68 462.08 449.91974400000004
traffic_sign 469.12 438.39974400000006 483.2 447.36
traffic_sign 622.08 345.6 635.52 360.320256
traffic_sign 663.68 275.199744 681.6 321.920256
traffic_sign 724.48 348.159744 819.2 449.91974400000004
traffic_sign 754.56 448.640256 802.56 473.60025599999994
traffic_sign 765.44 323.199744 776.96 343.040256
traffic_sign 765.44 278.4 782.72 289.92
traffic_sign 884.48 188.16 1023.36 468.48
