traffic_sign 125.44 280.14034 201.6 352.41332000000006
traffic_sign 267.52 156.05943999999997 361.6 200.19125
traffic_sign 282.88 364.56590500000004 341.12 459.864475
traffic_sign 375.04 331.30710000000005 427.52 399.743395
traffic_sign 435.2 193.79540500000002 725.12 248.80022
traffic_sign 458.88 340.90121 513.92 368.40327499999995
traffic_sign 464.0 368.40327499999995 513.92 397.18492000000003
traffic_sign 558.72 336.42405 707.2 420.84961500000003
traffic_sign 734.72 395.90602499999994 802.56 449.63126
traffic_sign 759.68 301.24656 789.76 398.46381499999995
traffic_sign 792.32 305.08393 832.64 390.78907499999997
traffic_sign 842.24 353.69289999999995 981.12 444.51431
