0 0.15468749999999998 0.617413 0.050625 0.09054799999999996
0 0.22062500000000002 0.6223879999999999 0.05374999999999999 0.08656800000000009
0 0.2875 0.6194029999999999 0.05124999999999996 0.07462599999999997
0 0.35 0.6223879999999999 0.05124999999999996 0.08656800000000009
0 0.41312499999999996 0.6184080000000001 0.05375000000000002 0.09054799999999996
0 0.48 0.6139300000000001 0.04999999999999999 0.081592
0 0.541875 0.618905 0.050000000000000044 0.07960200000000006
0 0.573125 0.48905450000000006 0.0625 0.06865700000000002
0 0.604375 0.6179105 0.05249999999999999 0.08557300000000001
0 0.73125 0.6149249999999999 0.05249999999999999 0.08358199999999993
0 0.796875 0.620398 0.05499999999999994 0.08656799999999998
