0 0.294375 0.362653 0.14625 0.26246400000000003
0 0.291875 0.1712135 0.11250000000000002 0.137347
0 0.29625 0.571966 0.09624999999999997 0.148636
0 0.3621875 0.777046 0.075625 0.18814600000000015
0 0.423125 0.208843 0.10125 0.13546600000000006
0 0.423125 0.3979305 0.09874999999999995 0.24270899999999995
0 0.4203125 0.5973660000000001 0.083125 0.13734799999999991
0 0.5193749999999999 0.4223895 0.09875 0.22389499999999996
0 0.5171875 0.6199435 0.07937500000000003 0.156161
0 0.524375 0.2507055 0.09124999999999994 0.119473
0 0.5946875 0.9308560000000001 0.07562499999999994 0.13640599999999992
0 0.6190625 0.4647225 0.109375 0.231421
0 0.6178125 0.65381 0.07062499999999994 0.142992
0 0.6253124999999999 0.2855125 0.083125 0.11947299999999994
0 0.7009375 0.8645345 0.078125 0.22389499999999996
0 0.7165625 0.49012200000000006 0.078125 0.22013200000000005
0 0.7150000000000001 0.6712135000000001 0.05999999999999994 0.12699899999999997
0 0.7253125 0.3250235 0.07562500000000005 0.11382899999999996
0 0.7934375 0.6876765 0.06562500000000004 0.13358499999999995
0 0.8028125 0.51317 0.07687500000000003 0.20790200000000003
0 0.8106249999999999 0.3504235 0.06874999999999998 0.11382900000000001
