0 0.205625 0.6233585 0.00874999999999998 0.029080999999999912
0 0.22 0.6327389999999999 0.010000000000000009 0.044090000000000074
0 0.290625 0.6454035 0.007500000000000007 0.030019000000000018
0 0.313125 0.6482175000000001 0.01874999999999999 0.009380999999999973
0 0.3746875 0.6730769999999999 0.021874999999999978 0.036585999999999896
0 0.46375 0.7143525 0.04625000000000001 0.030957000000000012
0 0.78 0.6923075000000001 0.06625000000000003 0.06003700000000001
0 0.8346875 0.6636960000000001 0.021874999999999978 0.02157599999999993
0 0.8378125 0.693715 0.02562500000000001 0.027204000000000006
0 0.8365625 0.718574 0.018124999999999947 0.022514000000000034
0 0.8365625000000001 0.7443715 0.010624999999999996 0.029081000000000023
0 0.9778125 0.6679175 0.026874999999999982 0.04878099999999996
