traffic_sign 44.160000000000004 0.0 689.28 1023.36
traffic_sign 83.199744 786.56 310.400256 1023.36
traffic_sign 98.559744 512.0 322.56 790.4
traffic_sign 112.64025600000002 226.56 331.520256 508.8
traffic_sign 121.599744 0.0 357.759744 251.52
traffic_sign 336.63974399999995 533.12 512.000256 758.4
traffic_sign 341.76 273.92 518.4000000000001 526.08
traffic_sign 348.800256 22.4 538.239744 298.88
traffic_sign 495.99974399999996 755.2 655.359744 982.4
traffic_sign 524.16 309.12 662.4000000000001 540.16
traffic_sign 525.440256 543.36 667.520256 758.4
traffic_sign 536.319744 94.08 663.680256 325.12
