0 0.272532 0.29000000000000004 0.167382 0.11714200000000002
0 0.27897 0.43000000000000005 0.171674 0.11142800000000003
0 0.2897 0.5814285 0.16738199999999995 0.117143
0 0.2896995 0.717143 0.150215 0.11428599999999989
0 0.48712449999999996 0.4285715 0.18454900000000002 0.12571500000000002
0 0.49356199999999995 0.5842855 0.18025799999999997 0.122857
0 0.497854 0.29000000000000004 0.17167399999999994 0.11714200000000002
0 0.497854 0.7242855 0.16308999999999996 0.117143
0 0.7060085 0.2814285 0.17596499999999993 0.12285700000000002
0 0.706009 0.4314285 0.16738199999999992 0.11428499999999997
0 0.714592 0.5800000000000001 0.17596600000000007 0.108572
0 0.7210300000000001 0.7185715 0.18884200000000007 0.117143
