0 0.305 0.1341665 0.18500000000000003 0.043332999999999997
0 0.3928125 0.4629165 0.08937499999999998 0.094167
0 0.3934375 0.38625 0.07187500000000002 0.04749999999999999
0 0.3921875 0.5429165 0.06687499999999996 0.05916699999999997
0 0.39875 0.7283335 0.07750000000000001 0.10166700000000006
0 0.3959375 0.8083335 0.06437499999999996 0.06166700000000003
0 0.39937500000000004 0.6541669999999999 0.07124999999999998 0.04999999999999993
0 0.42000000000000004 0.1379165 0.03250000000000003 0.12416700000000001
0 0.43656249999999996 0.8666665 0.05812500000000004 0.04833299999999996
0 0.4371875 0.9191665 0.05687500000000001 0.053333000000000075
0 0.478125 0.6591670000000001 0.07375000000000004 0.039999999999999925
0 0.478125 0.7291665 0.07375000000000004 0.09666699999999995
0 0.47875 0.6141665000000001 0.07500000000000001 0.05666699999999991
0 0.4896875 0.4629165 0.09437499999999999 0.094167
0 0.4784375 0.811667 0.06187500000000001 0.06499999999999995
0 0.48812500000000003 0.38875000000000004 0.07125000000000004 0.045833999999999986
0 0.4890625 0.54375 0.06187500000000001 0.057499999999999996
0 0.8087500000000001 0.11875 0.03749999999999998 0.125834
