traffic_sign 28.8 398.079744 37.76 415.359744
traffic_sign 40.32 394.23974400000003 81.92 404.480256
traffic_sign 98.56 394.23974400000003 112.0 407.04
traffic_sign 115.2 398.72025600000006 129.92 412.79999999999995
traffic_sign 213.76 425.60025599999994 227.2 444.159744
traffic_sign 367.36 399.36 382.08 428.15999999999997
traffic_sign 421.76 406.400256 469.76 439.68
traffic_sign 423.04 425.60025599999994 467.84 444.159744
traffic_sign 617.6 287.36025600000005 682.88 327.03974400000004
traffic_sign 721.92 182.39999999999998 794.24 218.240256
traffic_sign 722.56 181.76025600000003 792.32 333.44025600000003
traffic_sign 723.2 216.95999999999998 794.24 282.87974399999996
traffic_sign 729.6 284.15999999999997 789.12 332.15999999999997
