traffic_sign 51.84 355.21695 202.24 434.58112499999993
traffic_sign 189.44 424.9805999999999 236.16 474.2628
traffic_sign 238.08 318.09524999999996 267.52 382.09875
traffic_sign 239.36 421.780425 282.88 469.78305
traffic_sign 247.68 168.32805 275.84 238.73189999999997
traffic_sign 253.44 336.6561 281.6 412.1799
traffic_sign 417.92 556.8271500000001 464.64 580.50795
traffic_sign 610.56 551.067 653.44 565.147275
traffic_sign 746.88 289.933875 780.8 356.49735
traffic_sign 763.52 145.28744999999998 792.32 218.89065
traffic_sign 768.0 309.775125 800.64 379.53877500000004
