traffic_sign 69.76 339.04052 80.0 356.31252
traffic_sign 117.12 310.89396 126.08 321.76852
traffic_sign 145.28 204.06392000000002 179.84 217.49732
traffic_sign 237.44 227.73268000000002 275.2 237.96804
traffic_sign 240.0 201.50508000000002 266.24 207.90184
traffic_sign 266.24 211.74043999999998 325.12 225.17383999999998
traffic_sign 291.2 282.10752 302.08 298.09976
traffic_sign 300.8 309.6142 308.48 321.76852
traffic_sign 358.4 364.62824000000006 383.36 396.61339999999996
traffic_sign 389.76 467.61968 430.08 487.45052
traffic_sign 416.0 312.17304 424.96 324.32736000000006
traffic_sign 447.36 200.226 483.84 211.74043999999998
traffic_sign 447.36 534.78804 502.4 559.73656
traffic_sign 448.64 330.72412 456.96 344.15819999999997
traffic_sign 449.92 462.50268000000005 493.44 478.49492
traffic_sign 497.28 589.8027599999999 556.16 622.42712
traffic_sign 540.8 533.50896 592.0 558.45748
traffic_sign 608.64 585.96416 674.56 613.4715199999999
traffic_sign 901.12 546.3031599999999 922.24 579.5674
