0 0.2290625 0.652479 0.013124999999999998 0.015902000000000083
0 0.27437500000000004 0.5336764999999999 0.048750000000000016 0.021515000000000062
0 0.31343750000000004 0.536483 0.021875000000000033 0.030870000000000064
0 0.35562499999999997 0.5355475000000001 0.04750000000000004 0.03274100000000002
0 0.395625 0.5355475000000001 0.018750000000000044 0.028999000000000108
0 0.4084375 0.5271285 0.010624999999999996 0.03274099999999991
0 0.44937499999999997 0.536483 0.05499999999999999 0.023386000000000018
0 0.4915625 0.536483 0.019374999999999976 0.027128000000000152
0 0.5318750000000001 0.54116 0.05625000000000002 0.036482000000000125
0 0.5709375 0.6393825 0.024375000000000036 0.028998999999999997
0 0.5706249999999999 0.6347054999999999 0.016249999999999987 0.025256999999999974
0 0.5809375 0.6623015000000001 0.01187500000000008 0.014967000000000064
0 0.9178124999999999 0.6253504999999999 0.018125000000000058 0.04957899999999993
