traffic_sign 61.44 150.56735 78.72 188.36935099999997
traffic_sign 110.08 224.24939 129.92 255.644168
traffic_sign 288.64 301.77603700000003 302.72 319.715715
traffic_sign 368.64 309.464568 408.96 350.469839
traffic_sign 371.2 194.13592 436.48 272.943875
traffic_sign 422.4 172.992289 440.32 209.512982
traffic_sign 511.36 167.867057 529.92 209.512982
traffic_sign 532.48 170.429673 556.16 205.669058
traffic_sign 708.48 206.950366 732.16 249.23762799999997
traffic_sign 711.04 272.943875 721.28 299.212738
traffic_sign 733.44 287.68028300000003 800.64 302.416691
traffic_sign 800.0 120.45388 826.24 192.854612
traffic_sign 995.84 51.897755 1023.36 114.046657
