0 0.2678125 0.6125705000000001 0.030625000000000013 0.07317099999999999
0 0.2690625 0.5079735000000001 0.02812500000000001 0.09474700000000003
0 0.2871875 0.7124765 0.021874999999999978 0.04971899999999996
0 0.4115625 0.5384614999999999 0.016874999999999973 0.06003700000000001
0 0.464375 0.5558160000000001 0.044999999999999984 0.040338000000000096
0 0.51875 0.541276 0.01749999999999996 0.061914000000000025
0 0.8043750000000001 0.7087239999999999 0.019999999999999907 0.04596600000000006
0 0.8234375 0.60788 0.028125000000000067 0.060038000000000036
0 0.8234375 0.6608815 0.028125000000000067 0.030957000000000123
0 0.8246875 0.502814 0.023125000000000062 0.08442799999999995
