0 0.1771875 0.5216665 0.06187500000000001 0.08833300000000005
0 0.244375 0.6479165 0.11624999999999999 0.13416699999999993
0 0.2490625 0.7854165 0.10312499999999997 0.13416700000000004
0 0.3359375 0.5541665 0.08812500000000001 0.12166700000000003
0 0.3840625 0.40541649999999996 0.133125 0.18416700000000003
0 0.3825 0.34875 0.12375000000000003 0.07583400000000001
0 0.4303125 0.5549999999999999 0.085625 0.11333399999999999
0 0.481875 0.4275 0.10875000000000001 0.15166600000000002
0 0.5562499999999999 0.656667 0.15249999999999997 0.20500000000000007
0 0.645 0.4666665 0.23124999999999996 0.20333299999999999
