0 0.311875 0.5316665 0.10875000000000001 0.156667
0 0.3734375 0.3825 0.166875 0.20999999999999996
0 0.369375 0.7649999999999999 0.1225 0.20333400000000001
0 0.4153125 0.5670835 0.18062499999999998 0.210833
0 0.4625 0.32999999999999996 0.16375000000000006 0.45666599999999996
0 0.4625 0.7333335 0.07124999999999998 0.12166699999999997
0 0.5428125 0.742083 0.09687500000000004 0.23250000000000004
0 0.551875 0.3916665 0.11499999999999999 0.20333299999999999
0 0.6059375 0.562917 0.09937499999999999 0.1875
0 0.656875 0.77625 0.12874999999999992 0.125834
0 0.7471875 0.7166665 0.1343749999999999 0.21666699999999994
