0 0.161937 0.8741030000000001 0.094912 0.12655000000000005
0 0.3977495 0.6702545 0.259295 0.16764500000000004
0 0.413405 0.7883235 0.2182 0.072407
0 0.405088 0.8617090000000001 0.18199599999999994 0.0547939999999999
0 0.6756359999999999 0.41552500000000003 0.38454 0.755382
0 0.6130135 0.5078280000000001 0.11252499999999999 0.07371200000000006
0 0.66047 0.0981735 0.18199600000000005 0.119373
0 0.6653625 0.275277 0.187867 0.10436999999999996
0 0.6834635 0.682975 0.17123299999999997 0.09915200000000013
0 0.741194 0.5068495 0.10274000000000005 0.06784099999999998
