0 0.40218750000000003 0.5109835 0.278125 0.255969
0 0.28218750000000004 0.769341 0.01687500000000003 0.04298000000000002
0 0.31156249999999996 0.6752625 0.026875000000000038 0.05539699999999992
0 0.3375 0.8309455 0.00874999999999998 0.024833000000000105
0 0.40531249999999996 0.6733525 0.03437499999999999 0.059216999999999964
0 0.49812500000000004 0.6805160000000001 0.03375 0.060172
0 0.5809375 0.8553010000000001 0.01937499999999992 0.023877999999999955
0 0.6096874999999999 0.8572110000000001 0.020625000000000004 0.027698
0 0.6828125 0.5315185 0.12937500000000002 0.214899
0 0.6815625000000001 0.672397 0.038125000000000075 0.04966599999999999
0 0.774375 0.6704869999999999 0.03249999999999997 0.04966599999999999
0 0.8146875 0.8309455 0.015625 0.024833000000000105
