traffic_sign 284.8 552.342597 414.08 620.185194
traffic_sign 309.12 618.2656049999999 345.6 643.2260759999999
traffic_sign 312.96 684.8281529999999 349.44 714.909789
traffic_sign 320.64 649.62729 350.72 680.988006
traffic_sign 332.8 714.909789 380.8 777.63219
traffic_sign 353.92 646.426683 408.32 688.02876
traffic_sign 362.24 615.0649980000001 401.92 638.10588
traffic_sign 362.88 683.548104 400.64 712.989231
traffic_sign 736.0 431.377482 933.12 577.304037
traffic_sign 772.48 583.7042819999999 893.44 931.878579
