0 0.03125 0.6329165 0.01625 0.035833000000000004
0 0.093125 0.68 0.0325 0.05166599999999999
0 0.183125 0.5408335 0.19375000000000003 0.168333
0 0.1403125 0.72125 0.030625000000000013 0.030833999999999917
0 0.143125 0.6791670000000001 0.036250000000000004 0.04999999999999993
0 0.14625 0.64125 0.04250000000000001 0.029166000000000025
0 0.186875 0.6395835 0.03624999999999998 0.025832999999999995
0 0.188125 0.6783334999999999 0.03874999999999998 0.04166700000000001
0 0.186875 0.722083 0.03125 0.03249999999999997
0 0.22999999999999998 0.6645835 0.04500000000000001 0.07916699999999999
0 0.229375 0.722083 0.03375 0.03249999999999997
0 0.27875 0.6766669999999999 0.03874999999999995 0.09999999999999998
0 0.3375 0.6541665 0.027500000000000024 0.04833299999999996
0 0.6384375 0.539167 0.055625000000000036 0.10999999999999999
