traffic_sign 210.56 247.68 235.52 270.080256
traffic_sign 325.12 75.519744 362.24 87.03974399999998
traffic_sign 421.76 144.639744 498.56 210.56025599999998
traffic_sign 476.8 197.12025600000004 503.68 208.640256
traffic_sign 524.8 124.160256 551.04 137.600256
traffic_sign 581.76 215.679744 594.56 229.76025600000003
traffic_sign 668.16 154.880256 722.56 227.840256
traffic_sign 702.72 13.440000000000001 783.36 95.360256
traffic_sign 704.64 92.799744 773.12 150.399744
traffic_sign 803.84 23.679744 855.68 138.879744
traffic_sign 958.72 172.160256 978.56 219.519744
