0 0.0875 0.21576 0.045 0.15196999999999997
0 0.2253125 0.2213885 0.133125 0.052533000000000024
0 0.345625 0.221388 0.04625000000000001 0.15197
0 0.5596875 0.2340525 0.07437500000000008 0.10037499999999999
0 0.58125 0.7134145000000001 0.05625000000000002 0.098499
0 0.578125 0.784709 0.04249999999999998 0.03658600000000001
0 0.8331249999999999 0.7579739999999999 0.09875 0.10506599999999999
0 0.8075 0.8700749999999999 0.020000000000000018 0.03658600000000012
0 0.8556250000000001 0.468574 0.10750000000000004 0.19230800000000003
0 0.859375 0.185272 0.09000000000000008 0.370544
