traffic_sign 81.28 26.9102 121.6 109.562079
traffic_sign 177.92 67.915471 272.64 89.05910200000001
traffic_sign 313.6 21.784285 351.36 95.46632500000001
traffic_sign 392.32 294.72815999999995 407.68 330.60819899999996
traffic_sign 396.16 233.219229 419.84 272.943875
traffic_sign 396.8 178.758858 425.6 226.17135199999998
traffic_sign 462.08 219.764812 496.64 270.380576
traffic_sign 482.56 268.458614 497.28 299.212738
traffic_sign 498.56 278.06910700000003 541.44 289.602245
traffic_sign 562.56 262.05139099999997 578.56 290.88355299999995
