traffic_sign 28.818432 0.0 136.404992 159.417234
traffic_sign 76.208128 156.215547 178.671616 185.026032
traffic_sign 136.404992 164.538837 216.45516800000001 197.19072
traffic_sign 213.25312000000002 165.819042 247.19462400000003 213.196023
traffic_sign 216.45516800000001 169.66044000000002 245.9136 213.196023
traffic_sign 255.519744 44.815788000000005 297.145344 98.59536
traffic_sign 256.800768 104.99716799999999 290.101248 126.76535100000001
traffic_sign 276.653056 137.64905100000001 309.313536 245.207412
traffic_sign 309.313536 181.82512799999998 331.086848 230.482314
traffic_sign 956.118016 185.026032 993.901568 256.091895
traffic_sign 972.7682560000001 181.82512799999998 1020.797952 234.32371199999997
