traffic_sign 522.88 0.0 728.96 144.784686
traffic_sign 735.36 22.422606 932.48 105.06468
traffic_sign 756.48 412.572273 815.36 466.38557399999996
traffic_sign 756.48 356.19568799999996 819.84 410.00966999999997
traffic_sign 769.92 466.38557399999996 796.16 561.200523
traffic_sign 771.2 452.291598 811.52 484.96393500000005
traffic_sign 885.12 396.555834 932.48 441.401046
traffic_sign 885.12 452.291598 932.48 503.542977
traffic_sign 890.24 508.668183 924.8 536.2153139999999
traffic_sign 936.32 308.788554 990.08 360.03925200000003
traffic_sign 944.0 386.305422 982.4 490.089141
traffic_sign 990.08 273.552933 1023.36 524.04312
