0 0.1046875 0.40958300000000003 0.021875000000000006 0.027500000000000024
0 0.1275 0.3645835 0.039999999999999994 0.029167000000000054
0 0.1275 0.36583299999999996 0.036250000000000004 0.014999999999999958
0 0.169375 0.3383335 0.07374999999999998 0.021666999999999992
0 0.5525 0.2816665 0.010000000000000009 0.06333299999999997
0 0.6487499999999999 0.2995835 0.01375000000000004 0.05583300000000002
0 0.7846875 0.4095835 0.020625000000000004 0.02083299999999999
0 0.8328125 0.154583 0.021874999999999978 0.07750000000000001
0 0.856875 0.17875 0.03500000000000003 0.08583400000000002
0 0.9909375 0.058332999999999996 0.016874999999999973 0.10999999999999999
