0 0.20343750000000002 0.5008335 0.215625 0.258333
0 0.19625 0.72 0.19124999999999998 0.17166599999999999
0 0.21437499999999998 0.31 0.19874999999999998 0.12333400000000003
0 0.4084375 0.5054165 0.20437499999999997 0.24583300000000002
0 0.6131249999999999 0.5183335 0.19000000000000006 0.25333300000000003
0 0.6103125 0.32958299999999996 0.181875 0.1225
0 0.6115625 0.7291665 0.17937500000000006 0.161667
0 0.798125 0.35875 0.19374999999999998 0.230834
0 0.8075 0.530417 0.1937500000000001 0.12250000000000005
0 0.8190625 0.6725000000000001 0.17562500000000003 0.16166599999999998
