traffic_sign 9.6 509.03984 65.92 556.42156
traffic_sign 94.72 560.26356 133.12 590.35764
traffic_sign 446.72 530.1694799999999 496.0 644.14292
traffic_sign 451.84 293.89804 475.52 390.58384
traffic_sign 494.72 625.57416 552.96 662.71168
traffic_sign 653.44 352.80575999999996 714.24 410.43303999999995
traffic_sign 668.16 357.9282 703.36 411.71347999999995
traffic_sign 670.72 418.11704 696.96 439.24668
traffic_sign 694.4 423.87936 744.32 441.80824
traffic_sign 711.68 121.65744 764.16 231.78888
traffic_sign 719.36 340.64056 735.36 386.74183999999997
traffic_sign 719.36 415.55548 750.72 426.44092
traffic_sign 845.44 207.4578 964.48 274.6894
