traffic_sign 0.0 370.969636 181.12 545.2422280000001
traffic_sign 5.12 323.557772 127.36 373.53259599999996
traffic_sign 127.36 50.616288000000004 222.08 338.294068
traffic_sign 275.2 298.569636 307.84 361.35926
traffic_sign 309.12 292.16296 331.52 351.10814400000004
traffic_sign 322.56 293.44444 347.52 347.263704
traffic_sign 839.04 335.09036799999996 867.2 429.91482
traffic_sign 876.16 246.031852 914.56 318.431852
traffic_sign 915.84 114.686668 979.84 251.15777200000002
traffic_sign 949.76 235.139996 1012.48 319.71333200000004
