0 0.32125000000000004 0.72125 0.02250000000000002 0.012500000000000067
0 0.3258335 0.663125 0.031667 0.008750000000000036
0 0.32625000000000004 0.6799999999999999 0.027500000000000024 0.018749999999999933
0 0.41000000000000003 0.6828125 0.03166600000000003 0.010624999999999996
0 0.41125 0.700625 0.029166000000000025 0.022500000000000075
0 0.4125 0.7159375 0.02333400000000002 0.015625
0 0.795417 0.4575 0.2825 0.21374999999999994
0 0.8029165 0.23625000000000002 0.28916700000000006 0.21875000000000003
0 0.802083 0.06875 0.2775000000000001 0.1025
0 0.806667 0.64375 0.26 0.135
