0 0.3021875 0.5583335 0.011874999999999969 0.03833300000000006
0 0.306875 0.51625 0.015000000000000013 0.045833999999999986
0 0.364375 0.7383335 0.025000000000000022 0.10166699999999995
0 0.44375 0.5791665 0.014999999999999958 0.01333300000000004
0 0.46499999999999997 0.5766665 0.013749999999999984 0.011666999999999983
0 0.6140625 0.45958350000000003 0.013124999999999942 0.01916699999999999
0 0.656875 0.38875000000000004 0.01750000000000007 0.060834
0 0.75375 0.519583 0.09250000000000003 0.13250000000000006
0 0.7603125 0.600417 0.046875 0.03249999999999997
0 0.753125 0.43374999999999997 0.011249999999999982 0.025833999999999968
0 0.7559375 0.37 0.016874999999999973 0.015000000000000013
0 0.9315625000000001 0.4275 0.135625 0.365
