traffic_sign 227.2 389.120256 339.2 501.75974399999996
traffic_sign 229.76 151.040256 336.64 195.84
traffic_sign 233.6 499.20000000000005 368.64 558.72
traffic_sign 234.88 164.480256 335.36 302.079744
traffic_sign 236.16 308.480256 330.24 378.87974399999996
traffic_sign 337.92 199.040256 453.12 305.919744
traffic_sign 347.52 144.639744 448.0 195.84
traffic_sign 353.92 375.680256 459.52 430.08000000000004
traffic_sign 355.2 439.68 455.68 541.4399999999999
traffic_sign 356.48 546.560256 450.56 613.760256
traffic_sign 357.76 308.480256 446.72 371.840256
