0 0.15968749999999998 0.461718 0.074375 0.10550800000000005
0 0.3071875 0.26003699999999996 0.09187500000000004 0.06442600000000004
0 0.3046875 0.601774 0.05687500000000001 0.13912199999999997
0 0.391875 0.5336135000000001 0.05124999999999996 0.09990700000000002
0 0.5665625 0.32306250000000003 0.283125 0.08029899999999995
0 0.475 0.5177404999999999 0.053749999999999964 0.040148999999999935
0 0.4775 0.5588234999999999 0.04874999999999996 0.04201700000000008
0 0.618125 0.5527545 0.14500000000000002 0.123249
0 0.750625 0.6171804999999999 0.06624999999999992 0.07843100000000003
0 0.7565625 0.5107375 0.02937500000000004 0.14192299999999997
0 0.7934375 0.5079365 0.03937499999999994 0.12511699999999998
0 0.8903125000000001 0.582633 0.135625 0.1325860000000001
