traffic_sign 169.81299199999998 169.813248 367.787008 274.773504
traffic_sign 171.52 274.773504 363.52 457.38700800000004
traffic_sign 174.93299199999998 100.69324799999998 359.252992 200.53324800000001
traffic_sign 188.587008 450.56025600000004 384.852992 595.627008
traffic_sign 389.972992 249.17299200000002 568.32 318.29299199999997
traffic_sign 405.332992 331.946496 572.587008 506.88
traffic_sign 476.16 174.08025600000002 628.052992 255.999744
traffic_sign 553.812992 481.280256 719.36 620.373504
traffic_sign 565.76 244.053504 747.52 327.680256
traffic_sign 587.947008 320.853504 756.907008 489.81350399999997
